10145
0
0
0
0
0
0
0
0
0
0
0
0
0
0
0
0
0
0
0
0
0
0
527
5155
11877
13244
15209
14594
15923
15296
15689
13216
17187
16552
17577
16594
17892
17625
18808
17100
20032
19712
21044
20853
22135
21489
22542
19588
23392
22767
24197
23229
25506
24610
26401
24279
28124
27652
30094
29327
31951
31435
32537
27852
36816
36606
39211
39386
42413
42144
44896
42521
49694
48510
52704
51558
56659
54738
57346
50575
62873
60576
65314
62940
67791
66232
70036
64367
72877
70541
74814
72278
76770
73777
72493
58079
79212
75562
79228
75052
80172
76284
78677
71548
79279
76998
79885
75754
79615
75658
76998
66106
77833
74451
77112
73279
76220
71943
74624
66710
73886
69917
73512
68802
72278
68672
65217
55897
69490
66358
69079
64204
67021
63555
64804
58795
64914
61544
62754
59786
61949
58957
59207
50318
59723
56229
58091
54105
57116
53299
54461
49370
54220
49990
52682
48768
50532
47888
47125
37278
47878
45576
46639
43577
45576
42764
43439
38545
42243
40527
41472
38423
40211
37659
37667
32107
37635
35253
36321
34167
34971
32655
33786
30132
32821
31262
32263
30196
30946
29222
28083
22675
29056
27257
28629
27005
27402
26057
26738
23811
26195
24259
25538
23377
24877
22685
23009
19427
23407
21709
22112
20809
21526
20691
21106
18840
20542
19206
19935
18776
19497
18356
17432
14067
18563
17133
17466
16795
17707
16267
16852
15084
16219
15564
15930
15030
15823
14837
15196
12798
14666
14189
14189
13368
14365
13382
13656
12382
13470
12942
13188
12299
13046
12190
10856
9461
12034
11224
11685
10748
11325
10601
10812
9855
10307
9828
9889
9841
9729
8947
9036
7827
9021
8602
8758
7910
8569
7894
8221
7508
8342
7562
8124
7150
7476
7162
6887
5587
7386
6832
7115
6672
7071
6320
6768
6067
6659
6296
6652
